1 0.500000
2 0.250000
3 0.250000
4 0.187500
5 0.156250
6 0.140625
7 0.109375
8 0.109375
9 0.093750
10 0.087891
11 0.080566
12 0.072510
13 0.069824
14 0.061096
15 0.061096
16 0.055542
17 0.053955
18 0.050583
19 0.048054
20 0.046206
21 0.043125
22 0.042355
23 0.038967
24 0.038967
25 0.036531
26 0.035978
27 0.034285
28 0.033332
29 0.032221
30 0.030982
31 0.030330
32 0.028885
33 0.028597
34 0.027008
35 0.027008
36 0.025780
37 0.025550
38 0.024624
39 0.024210
40 0.023538
41 0.022978
42 0.022518
43 0.021841
44 0.021561
45 0.020791
46 0.020662
47 0.019819
48 0.019819
49 0.019135
50 0.019026
51 0.018482
52 0.018282
53 0.017859
54 0.017581
55 0.017266
56 0.016921
57 0.016699
58 0.016299
59 0.016159
60 0.015712
61 0.015644
62 0.015158
63 0.015153
64 0.014735
65 0.014684
66 0.014335
67 0.014236
68 0.013949
69 0.013808
70 0.013577
71 0.013398
72 0.013217
73 0.013006
74 0.012869
75 0.012631
76 0.012534
77 0.012271
78 0.012209
79 0.011926
80 0.011896
81 0.011594
82 0.011593
83 0.011323
84 0.011299
85 0.011061
86 0.011015
87 0.010806
88 0.010740
89 0.010557
90 0.010474
91 0.010315
92 0.010216
93 0.010078
94 0.009966
95 0.009847
96 0.009723
97 0.009622
98 0.009487
99 0.009402
100 0.009259
101 0.009187
102 0.009037
103 0.008978
104 0.008821
105 0.008774
106 0.008611
107 0.008575
108 0.008407
109 0.008380
110 0.008209
111 0.008190
112 0.008016
113 0.008005
114 0.007828
115 0.007824
116 0.007649
117 0.007648
118 0.007482
119 0.007475
120 0.007319
121 0.007307
122 0.007159
123 0.007142
124 0.007002
125 0.006982
126 0.006848
127 0.006825
128 0.006698
129 0.006671
130 0.006551
131 0.006522
132 0.006407
133 0.006375
134 0.006266
135 0.006233
136 0.006128
137 0.006093
138 0.005993
139 0.005957
140 0.005861
141 0.005823
142 0.005731
143 0.005693
144 0.005605
145 0.005566
146 0.005481
147 0.005441
148 0.005360
149 0.005320
150 0.005242
151 0.005201
152 0.005126
153 0.005085
154 0.005013
155 0.004971
156 0.004902
157 0.004861
158 0.004793
159 0.004752
160 0.004687
161 0.004646
162 0.004583
163 0.004543
164 0.004482
165 0.004441
166 0.004383
167 0.004342
168 0.004286
169 0.004246
170 0.004191
171 0.004151
172 0.004098
173 0.004059
174 0.004007
175 0.003968
176 0.003918
177 0.003880
178 0.003831
179 0.003794
180 0.003746
181 0.003709
182 0.003663
183 0.003627
184 0.003582
185 0.003546
186 0.003503
187 0.003467
188 0.003425
189 0.003390
190 0.003349
191 0.003315
192 0.003275
193 0.003241
194 0.003202
195 0.003169
196 0.003131
197 0.003098
198 0.003062
199 0.003029
200 0.002994
201 0.002962
202 0.002927
203 0.002896
204 0.002862
205 0.002832
206 0.002799
207 0.002769
208 0.002737
209 0.002707
210 0.002676
211 0.002647
212 0.002616
213 0.002588
214 0.002558
215 0.002531
216 0.002502
217 0.002474
218 0.002446
219 0.002419
220 0.002392
221 0.002366
222 0.002339
223 0.002313
224 0.002287
225 0.002262
226 0.002236
227 0.002211
228 0.002186
229 0.002162
230 0.002138
231 0.002114
232 0.002090
233 0.002067
234 0.002044
235 0.002021
236 0.001998
237 0.001976
238 0.001954
239 0.001933
240 0.001911
241 0.001890
242 0.001868
243 0.001848
244 0.001827
245 0.001807
246 0.001786
247 0.001766
248 0.001746
249 0.001727
250 0.001708
251 0.001689
252 0.001670
253 0.001651
254 0.001633
255 0.001615
256 0.001596
257 0.001579
258 0.001561
259 0.001544
260 0.001526
261 0.001509
262 0.001492
263 0.001476
264 0.001459
265 0.001443
266 0.001427
267 0.001411
268 0.001395
269 0.001380
270 0.001364
271 0.001349
272 0.001334
273 0.001319
274 0.001304
275 0.001290
276 0.001275
277 0.001261
278 0.001247
279 0.001233
280 0.001219
281 0.001206
282 0.001192
283 0.001179
284 0.001166
285 0.001153
286 0.001140
287 0.001127
288 0.001114
289 0.001102
290 0.001090
291 0.001078
292 0.001065
293 0.001054
294 0.001042
295 0.001030
296 0.001019
297 0.001007
298 0.000996
