1 0.500001
2 0.250009
3 0.125045
4 0.093840
5 0.070466
6 0.055066
7 0.047393
8 0.040953
9 0.035741
10 0.031983
11 0.029411
12 0.027128
13 0.025124
14 0.023717
15 0.022581
16 0.021518
17 0.020575
18 0.019940
19 0.019310
20 0.018694
21 0.018204
22 0.017777
23 0.017344
24 0.016911
25 0.016520
26 0.016179
27 0.015833
28 0.015484
29 0.015136
30 0.014791
31 0.014449
32 0.014145
33 0.013847
34 0.013551
35 0.013258
36 0.012969
37 0.012685
38 0.012405
39 0.012130
40 0.011860
41 0.011595
42 0.011336
43 0.011082
44 0.010834
45 0.010591
46 0.010354
47 0.010121
48 0.009901
49 0.009685
50 0.009474
51 0.009268
52 0.009065
53 0.008867
54 0.008672
55 0.008482
56 0.008296
57 0.008113
58 0.007935
59 0.007760
60 0.007589
61 0.007422
62 0.007258
63 0.007098
64 0.006941
65 0.006788
66 0.006638
67 0.006491
68 0.006347
69 0.006207
70 0.006070
71 0.005935
72 0.005804
73 0.005675
74 0.005550
75 0.005427
76 0.005306
77 0.005189
78 0.005074
79 0.004961
80 0.004851
81 0.004744
82 0.004638
83 0.004536
84 0.004435
85 0.004337
86 0.004240
87 0.004146
88 0.004054
89 0.003964
90 0.003876
91 0.003790
92 0.003706
93 0.003624
94 0.003544
95 0.003465
96 0.003388
97 0.003313
98 0.003239
99 0.003167
100 0.003097
101 0.003028
102 0.002961
103 0.002895
104 0.002831
105 0.002768
106 0.002707
107 0.002646
108 0.002588
109 0.002530
110 0.002474
111 0.002419
112 0.002365
113 0.002313
114 0.002261
115 0.002211
116 0.002162
117 0.002114
118 0.002067
119 0.002021
120 0.001976
121 0.001932
122 0.001890
123 0.001848
124 0.001807
125 0.001766
126 0.001727
127 0.001689
128 0.001651
129 0.001615
130 0.001579
131 0.001544
132 0.001509
133 0.001476
134 0.001443
135 0.001411
136 0.001380
137 0.001349
138 0.001319
139 0.001290
140 0.001261
141 0.001233
142 0.001206
143 0.001179
144 0.001153
145 0.001127
146 0.001102
147 0.001078
148 0.001054
149 0.001030
150 0.001007
151 0.000985
