1 0.562500
2 0.351563
3 0.239502
4 0.187317
5 0.152916
6 0.126124
7 0.105536
8 0.094251
9 0.085782
10 0.078050
11 0.071140
12 0.065024
13 0.059630
14 0.054873
15 0.050669
16 0.047810
17 0.045358
18 0.043054
19 0.040898
20 0.038888
21 0.037017
22 0.035276
23 0.033658
24 0.032152
25 0.030752
26 0.029549
27 0.028638
28 0.027767
29 0.026935
30 0.026142
31 0.025387
32 0.024669
33 0.023986
34 0.023336
35 0.022718
36 0.022131
37 0.021700
38 0.021321
39 0.020952
40 0.020596
41 0.020251
42 0.019917
43 0.019594
44 0.019281
45 0.019008
46 0.018822
47 0.018637
48 0.018454
49 0.018273
50 0.018093
51 0.017916
52 0.017769
53 0.017668
54 0.017564
55 0.017457
56 0.017348
57 0.017237
58 0.017128
59 0.017060
60 0.016988
61 0.016912
62 0.016832
63 0.016750
64 0.016665
65 0.016577
66 0.016487
67 0.016412
68 0.016339
69 0.016264
70 0.016185
71 0.016104
72 0.016021
73 0.015936
74 0.015850
75 0.015761
76 0.015672
77 0.015581
78 0.015489
79 0.015396
80 0.015302
81 0.015207
82 0.015112
83 0.015016
84 0.014919
85 0.014822
86 0.014725
87 0.014628
88 0.014531
89 0.014433
90 0.014335
91 0.014238
92 0.014140
93 0.014043
94 0.013945
95 0.013849
96 0.013756
97 0.013663
98 0.013570
99 0.013477
100 0.013385
101 0.013292
102 0.013200
103 0.013109
104 0.013017
105 0.012926
106 0.012835
107 0.012745
108 0.012655
109 0.012565
110 0.012476
111 0.012387
112 0.012298
113 0.012210
114 0.012123
115 0.012036
116 0.011949
117 0.011863
118 0.011777
119 0.011692
120 0.011608
121 0.011524
122 0.011440
123 0.011357
124 0.011274
125 0.011192
126 0.011110
127 0.011029
128 0.010949
129 0.010869
130 0.010789
131 0.010710
132 0.010632
133 0.010554
134 0.010476
135 0.010399
136 0.010323
137 0.010247
138 0.010172
139 0.010097
140 0.010023
141 0.009949
142 0.009876
143 0.009803
144 0.009731
145 0.009659
146 0.009588
147 0.009517
148 0.009447
149 0.009377
150 0.009308
151 0.009239
152 0.009171
153 0.009103
154 0.009036
155 0.008969
156 0.008902
157 0.008837
158 0.008771
159 0.008706
160 0.008642
161 0.008578
162 0.008515
163 0.008452
164 0.008389
165 0.008327
166 0.008265
167 0.008204
168 0.008143
169 0.008083
170 0.008023
171 0.007964
172 0.007905
173 0.007846
174 0.007788
175 0.007730
176 0.007673
177 0.007616
178 0.007560
179 0.007504
180 0.007448
181 0.007393
182 0.007338
183 0.007284
184 0.007230
185 0.007176
186 0.007123
187 0.007070
188 0.007017
189 0.006965
190 0.006914
191 0.006863
192 0.006812
193 0.006761
194 0.006711
195 0.006661
196 0.006612
197 0.006563
198 0.006514
199 0.006466
200 0.006418
201 0.006370
202 0.006323
203 0.006276
204 0.006229
205 0.006183
206 0.006137
207 0.006092
208 0.006047
209 0.006002
210 0.005957
211 0.005913
212 0.005869
213 0.005826
214 0.005782
215 0.005740
216 0.005697
217 0.005655
218 0.005613
219 0.005571
220 0.005530
221 0.005489
222 0.005448
223 0.005408
224 0.005367
225 0.005328
226 0.005288
227 0.005249
228 0.005210
229 0.005171
230 0.005133
231 0.005095
232 0.005057
233 0.005019
234 0.004982
235 0.004945
236 0.004908
237 0.004872
238 0.004836
239 0.004800
240 0.004764
241 0.004729
242 0.004694
243 0.004659
244 0.004625
245 0.004590
246 0.004556
247 0.004522
248 0.004489
249 0.004455
250 0.004422
251 0.004390
252 0.004357
253 0.004325
254 0.004293
255 0.004261
256 0.004229
257 0.004198
258 0.004167
259 0.004136
260 0.004105
261 0.004074
262 0.004044
263 0.004014
264 0.003984
265 0.003955
266 0.003925
267 0.003896
268 0.003867
269 0.003839
270 0.003810
271 0.003782
272 0.003754
273 0.003726
274 0.003698
275 0.003671
276 0.003644
277 0.003617
278 0.003590
279 0.003563
280 0.003537
281 0.003510
282 0.003484
283 0.003458
284 0.003433
285 0.003407
286 0.003382
287 0.003357
288 0.003332
289 0.003307
290 0.003283
291 0.003258
292 0.003234
293 0.003210
294 0.003186
295 0.003163
296 0.003139
297 0.003116
298 0.003093
299 0.003070
300 0.003047
301 0.003024
302 0.003002
303 0.002980
304 0.002958
305 0.002936
306 0.002914
307 0.002892
308 0.002871
309 0.002849
310 0.002828
311 0.002807
312 0.002786
313 0.002766
314 0.002745
315 0.002725
316 0.002705
317 0.002685
318 0.002665
319 0.002645
320 0.002625
321 0.002606
322 0.002586
323 0.002567
324 0.002548
325 0.002529
326 0.002510
327 0.002492
328 0.002473
329 0.002455
330 0.002437
331 0.002419
332 0.002401
333 0.002383
334 0.002365
335 0.002348
336 0.002330
337 0.002313
338 0.002296
339 0.002279
340 0.002262
341 0.002245
342 0.002228
343 0.002212
344 0.002195
345 0.002179
346 0.002163
347 0.002147
348 0.002131
349 0.002115
350 0.002099
351 0.002084
352 0.002068
353 0.002053
354 0.002038
355 0.002023
356 0.002008
357 0.001993
358 0.001978
359 0.001963
360 0.001949
361 0.001934
362 0.001920
363 0.001906
364 0.001891
365 0.001877
366 0.001863
367 0.001850
368 0.001836
369 0.001822
370 0.001809
371 0.001795
372 0.001782
373 0.001769
374 0.001756
375 0.001743
376 0.001730
377 0.001717
378 0.001704
379 0.001691
380 0.001679
381 0.001666
382 0.001654
383 0.001642
384 0.001630
385 0.001617
386 0.001605
387 0.001594
388 0.001582
389 0.001570
390 0.001558
391 0.001547
392 0.001535
393 0.001524
394 0.001513
395 0.001501
396 0.001490
397 0.001479
398 0.001468
399 0.001457
400 0.001446
401 0.001436
402 0.001425
403 0.001414
404 0.001404
405 0.001394
406 0.001383
407 0.001373
408 0.001363
409 0.001353
410 0.001343
411 0.001333
412 0.001323
413 0.001313
414 0.001303
415 0.001294
416 0.001284
417 0.001274
418 0.001265
419 0.001256
420 0.001246
421 0.001237
422 0.001228
423 0.001219
424 0.001210
425 0.001201
426 0.001192
427 0.001183
428 0.001174
429 0.001165
430 0.001157
431 0.001148
432 0.001140
433 0.001131
434 0.001123
435 0.001114
436 0.001106
437 0.001098
438 0.001090
439 0.001082
440 0.001074
441 0.001066
442 0.001058
443 0.001050
444 0.001042
445 0.001034
446 0.001027
447 0.001019
448 0.001012
449 0.001004
450 0.000997
